0 0.992188 0.105957 0.015625 0.024414
0 0.967285 0.095215 0.018555 0.032227
0 0.939453 0.081543 0.027344 0.041992
0 0.911621 0.069336 0.018555 0.033203
0 0.883789 0.054688 0.023438 0.033203
0 0.859375 0.048340 0.025391 0.030273
0 0.834473 0.039062 0.022461 0.031250
0 0.807129 0.021484 0.016602 0.021484
0 0.781250 0.013672 0.025391 0.025391
0 0.713379 0.017578 0.028320 0.027344
0 0.736328 0.029297 0.021484 0.019531
0 0.746094 0.005859 0.021484 0.009766
0 0.767090 0.041992 0.028320 0.029297
0 0.796387 0.052246 0.022461 0.032227
0 0.825195 0.068359 0.023438 0.035156
0 0.852539 0.077637 0.029297 0.028320
0 0.882324 0.094727 0.032227 0.031250
0 0.908203 0.107422 0.025391 0.023438
0 0.936523 0.125488 0.027344 0.028320
0 0.958496 0.131836 0.022461 0.025391
0 0.986816 0.143555 0.024414 0.031250
0 0.656738 0.102539 0.030273 0.021484
0 0.686035 0.117676 0.022461 0.030273
0 0.710449 0.126465 0.024414 0.026367
0 0.738770 0.133301 0.030273 0.034180
0 0.764160 0.150879 0.022461 0.024414
0 0.789062 0.165039 0.031250 0.025391
0 0.814941 0.177734 0.024414 0.023438
0 0.844727 0.190430 0.027344 0.033203
0 0.875000 0.203613 0.023438 0.024414
0 0.896973 0.219238 0.022461 0.024414
0 0.923828 0.226562 0.029297 0.027344
0 0.952148 0.237793 0.025391 0.030273
0 0.978516 0.253418 0.027344 0.028320
0 0.650391 0.139160 0.023438 0.028320
0 0.672852 0.156250 0.025391 0.027344
0 0.694824 0.170898 0.026367 0.027344
0 0.721680 0.171387 0.023438 0.022461
0 0.747070 0.184082 0.017578 0.026367
0 0.775879 0.193359 0.030273 0.025391
0 0.799805 0.205078 0.019531 0.025391
0 0.825195 0.216797 0.027344 0.029297
0 0.853516 0.232910 0.029297 0.028320
0 0.887207 0.250488 0.034180 0.034180
0 0.917969 0.269043 0.029297 0.026367
0 0.944824 0.282227 0.024414 0.031250
0 0.969727 0.291992 0.021484 0.027344
0 0.989746 0.306152 0.020508 0.030273
0 0.666504 0.254883 0.030273 0.033203
0 0.695312 0.270508 0.027344 0.025391
0 0.722656 0.284668 0.023438 0.028320
0 0.746094 0.297363 0.027344 0.024414
0 0.772461 0.311523 0.027344 0.033203
0 0.794434 0.323242 0.028320 0.025391
0 0.822754 0.339355 0.030273 0.032227
0 0.852051 0.357422 0.028320 0.035156
0 0.876953 0.366211 0.025391 0.027344
0 0.901855 0.374023 0.022461 0.031250
0 0.931152 0.389160 0.026367 0.030273
0 0.960449 0.406250 0.032227 0.035156
0 0.979004 0.416504 0.026367 0.032227
0 0.642578 0.284668 0.019531 0.026367
0 0.665527 0.298340 0.026367 0.028320
0 0.689453 0.307617 0.027344 0.029297
0 0.720703 0.316895 0.025391 0.030273
0 0.747559 0.330078 0.026367 0.031250
0 0.772461 0.343750 0.027344 0.025391
0 0.799316 0.359375 0.028320 0.035156
0 0.825684 0.378418 0.030273 0.026367
0 0.853027 0.391113 0.024414 0.024414
0 0.881348 0.408691 0.032227 0.034180
0 0.912109 0.427246 0.029297 0.040039
0 0.935059 0.436035 0.026367 0.024414
0 0.959473 0.450684 0.026367 0.043945
0 0.983398 0.455566 0.033203 0.036133
0 0.560547 0.339844 0.033203 0.031250
0 0.587402 0.358398 0.028320 0.029297
0 0.610352 0.374023 0.025391 0.031250
0 0.635742 0.387695 0.023438 0.023438
0 0.664062 0.404785 0.029297 0.030273
0 0.688477 0.419434 0.029297 0.032227
0 0.711914 0.439453 0.029297 0.029297
0 0.740723 0.448242 0.022461 0.031250
0 0.766602 0.467773 0.025391 0.025391
0 0.791504 0.478027 0.034180 0.030273
0 0.814941 0.488281 0.028320 0.027344
0 0.846680 0.503418 0.033203 0.034180
0 0.875000 0.517578 0.031250 0.029297
0 0.895020 0.533691 0.024414 0.030273
0 0.926270 0.542969 0.030273 0.027344
0 0.961426 0.562988 0.038086 0.041992
0 0.987305 0.577148 0.025391 0.031250
0 0.560547 0.396484 0.031250 0.033203
0 0.526367 0.382324 0.031250 0.032227
0 0.590332 0.408203 0.032227 0.027344
0 0.615234 0.419434 0.027344 0.028320
0 0.642090 0.434570 0.028320 0.031250
0 0.666016 0.447754 0.023438 0.024414
0 0.690430 0.468750 0.027344 0.031250
0 0.716309 0.480957 0.026367 0.030273
0 0.746582 0.494629 0.030273 0.034180
0 0.769531 0.507324 0.027344 0.034180
0 0.803223 0.524902 0.032227 0.034180
0 0.830078 0.539062 0.035156 0.044922
0 0.862305 0.550293 0.031250 0.034180
0 0.889648 0.567383 0.029297 0.029297
0 0.916504 0.581055 0.032227 0.025391
0 0.944336 0.596680 0.029297 0.031250
0 0.972656 0.605469 0.031250 0.037109
0 0.991211 0.622559 0.017578 0.034180
0 0.520508 0.509277 0.027344 0.030273
0 0.548828 0.531250 0.031250 0.037109
0 0.572266 0.546387 0.033203 0.032227
0 0.589844 0.559570 0.023438 0.025391
0 0.615723 0.575684 0.036133 0.030273
0 0.646484 0.584961 0.029297 0.025391
0 0.676758 0.599609 0.029297 0.027344
0 0.705078 0.611816 0.027344 0.028320
0 0.730957 0.625488 0.022461 0.028320
0 0.757812 0.637695 0.033203 0.039062
0 0.787109 0.648438 0.023438 0.037109
0 0.813965 0.656250 0.028320 0.033203
0 0.838379 0.672363 0.030273 0.024414
0 0.869141 0.683594 0.035156 0.025391
0 0.889648 0.697754 0.025391 0.026367
0 0.923828 0.706055 0.027344 0.029297
0 0.945312 0.724121 0.021484 0.036133
0 0.968262 0.733887 0.024414 0.038086
0 0.990723 0.742188 0.018555 0.029297
0 0.493652 0.548828 0.026367 0.023438
0 0.526855 0.558105 0.024414 0.028320
0 0.554199 0.573242 0.018555 0.025391
0 0.575195 0.589844 0.027344 0.029297
0 0.607910 0.608398 0.032227 0.039062
0 0.634277 0.620117 0.026367 0.033203
0 0.666992 0.633789 0.029297 0.033203
0 0.697754 0.646973 0.028320 0.034180
0 0.723633 0.659668 0.025391 0.036133
0 0.747559 0.673340 0.024414 0.036133
0 0.777344 0.692871 0.033203 0.036133
0 0.809570 0.702637 0.031250 0.026367
0 0.838867 0.718262 0.029297 0.040039
0 0.874512 0.726074 0.028320 0.038086
0 0.904785 0.732910 0.034180 0.034180
0 0.939453 0.751953 0.029297 0.031250
0 0.965332 0.770508 0.028320 0.033203
0 0.991699 0.785156 0.016602 0.031250
0 0.530273 0.696289 0.031250 0.035156
0 0.505371 0.682129 0.020508 0.030273
0 0.567383 0.704590 0.033203 0.038086
0 0.588867 0.716309 0.025391 0.028320
0 0.614746 0.731934 0.030273 0.034180
0 0.641113 0.746094 0.026367 0.033203
0 0.671387 0.756836 0.034180 0.031250
0 0.697266 0.770020 0.029297 0.026367
0 0.722168 0.782227 0.026367 0.031250
0 0.739746 0.796387 0.030273 0.028320
0 0.765137 0.808105 0.028320 0.028320
0 0.801758 0.819824 0.031250 0.030273
0 0.824707 0.827637 0.032227 0.032227
0 0.850098 0.835938 0.028320 0.033203
0 0.872070 0.845703 0.033203 0.039062
0 0.900391 0.862305 0.033203 0.037109
0 0.920898 0.872559 0.023438 0.034180
0 0.952637 0.886230 0.034180 0.038086
0 0.976074 0.898438 0.026367 0.037109
0 0.984863 0.947754 0.028320 0.026367
0 0.951172 0.935059 0.025391 0.030273
0 0.920410 0.916016 0.030273 0.037109
0 0.887695 0.904785 0.029297 0.032227
0 0.862793 0.886230 0.036133 0.032227
0 0.833496 0.870605 0.034180 0.028320
0 0.797852 0.854492 0.033203 0.033203
0 0.773926 0.843750 0.030273 0.037109
0 0.739258 0.823730 0.037109 0.036133
0 0.699219 0.811035 0.033203 0.038086
0 0.674316 0.797852 0.026367 0.029297
0 0.648926 0.787109 0.045898 0.031250
0 0.609863 0.772461 0.038086 0.037109
0 0.579102 0.759277 0.037109 0.040039
0 0.549316 0.744629 0.030273 0.036133
0 0.524414 0.729004 0.035156 0.034180
0 0.500000 0.712891 0.031250 0.033203
0 0.495605 0.819336 0.038086 0.033203
0 0.521484 0.834961 0.048828 0.037109
0 0.546875 0.851074 0.031250 0.030273
0 0.575684 0.859863 0.049805 0.043945
0 0.602539 0.878418 0.023438 0.024414
0 0.633789 0.889648 0.023438 0.025391
0 0.657227 0.904785 0.031250 0.030273
0 0.687012 0.911621 0.028320 0.032227
0 0.708496 0.924805 0.036133 0.041016
0 0.743652 0.936523 0.026367 0.031250
0 0.761719 0.953125 0.025391 0.031250
0 0.787109 0.959473 0.027344 0.043945
0 0.818359 0.969238 0.029297 0.047852
0 0.841309 0.989258 0.026367 0.021484
0 0.475586 0.858398 0.029297 0.035156
0 0.508789 0.878418 0.037109 0.036133
0 0.541016 0.890137 0.029297 0.034180
0 0.578613 0.897949 0.032227 0.036133
0 0.606934 0.917480 0.036133 0.036133
0 0.644531 0.931641 0.037109 0.037109
0 0.678223 0.949707 0.024414 0.034180
0 0.707031 0.963379 0.027344 0.036133
0 0.735840 0.975098 0.030273 0.036133
0 0.766113 0.986328 0.026367 0.027344
